#----------------------------------------------------------------------
# Basis Set Exchange
# Version 0.11
# https://www.basissetexchange.org
#----------------------------------------------------------------------
#   Basis set: MINI
# Description: Huzinaga MINI
#        Role: orbital
#     Version: 0  (Data from the Original Basis Set Exchange)
#----------------------------------------------------------------------


BASIS MINI 5D
H
S 0 3
      4.501800               0.070452
      0.681444               0.407826
      0.151398               0.647752
****
He
S 0 3
     13.626736               0.080241
      1.999349               0.409143
      0.382993               0.657278
****
Li
S 0 3
     35.04615                0.073760
      5.201690               0.397471
      1.056240               0.665092
S 0 3
      0.715170              -0.093970
      0.070530               0.570100
      0.027350               0.499750
****
Be
S 0 3
     66.953540               0.070200
      9.939290               0.391910
      2.057130               0.669970
S 0 3
      1.912210              -0.082820
      0.161320               0.557553
      0.055240               0.516043
****
B
S 0 3
    108.43704                0.068651
     16.120560               0.389933
      3.3734300              0.671395
S 0 3
      3.566500              -0.082419
      0.295470               0.559064
      0.098050               0.516795
P 0 3
      2.572072               0.105900
      0.516940               0.457180
      0.123140               0.631861
****
C
S 0 3
    153.17226                0.070740
     23.073030               0.395380
      4.9232900              0.663311
S 0 3
      5.725570              -0.081380
      0.455040               0.574853
      0.147070               0.502413
P 0 3
      4.251310               0.109931
      0.863270               0.462713
      0.201350               0.627514
****
N
S 0 3
    218.36449                0.067870
     32.598890               0.390202
      6.9173900              0.670083
S 0 3
      8.326380              -0.080890
      0.659190               0.567202
      0.210090               0.511092
P 0 3
      6.120350               0.115919
      1.259380               0.469958
      0.291450               0.618448
****
O
S 0 3
    281.86658                0.069060
     42.416000               0.393159
      9.0956200              0.665669
S 0 3
     11.46603               -0.080820
      0.887860               0.582090
      0.278800               0.497160
P 0 3
      8.047240               0.124271
      1.668420               0.476594
      0.372510               0.613044
****
F
S 0 3
    368.37112                0.067040
     55.061060               0.389249
     11.747670               0.670788
S 0 3
     15.15184               -0.080550
      1.151370               0.587729
      0.358110               0.491979
P 0 3
     10.57707                0.126270
      2.194980               0.477948
      0.479370               0.614008
****
Ne
S 0 3
    456.95285                0.066910
     68.365430               0.389349
     14.619760               0.670518
S 0 3
     19.32719               -0.080250
      1.441820               0.595298
      0.444080               0.484868
P 0 3
     13.35252                0.128840
      2.779470               0.480441
      0.600970               0.611672
****
Na
S 0 3
    542.76053                0.068410
     81.959470               0.392092
     17.723770               0.666084
S 0 3
     23.28042               -0.083801
      1.868340               0.582794
      0.623250               0.492474
S 0 3
      0.506730              -0.115762
      0.053510               0.695863
      0.020800               0.381047
P 0 3
     17.83636                0.125710
      3.795690               0.480461
      0.877510               0.602281
****
Mg
S 0 3
    650.643367               0.068030
     98.370780               0.390738
     21.322490               0.667267
S 0 3
     27.97738               -0.086720
      2.326520               0.585697
      0.818080               0.486497
S 0 3
      0.911340              -0.127651
      0.099400               0.650773
      0.036230               0.436272
P 0 3
     23.21662                0.121460
      5.002220               0.479291
      1.204650               0.598942
****
Al
S 0 3
    777.44334                0.066887
    117.23153                0.387768
     25.376297               0.670703
S 0 3
     33.356253              -0.088956
      2.801315               0.601061
      1.022733               0.468786
S 0 3
      1.329188              -0.151389
      0.161663               0.659386
      0.058989               0.438693
P 0 3
     30.56958                0.112353
      6.644701               0.467467
      1.654395               0.609782
P 0 3
      0.299651               0.226433
      0.115848               0.500586
      0.044652               0.396470
****
Si
S 0 3
    909.23487                0.066405
    137.12456                0.386222
     29.714810               0.672240
S 0 3
     39.129423              -0.090999
      3.335981               0.611615
      1.251259               0.456860
S 0 3
      1.803101              -0.168733
      0.226389               0.675453
      0.082395               0.429419
P 0 3
     37.881761               0.108753
      8.304598               0.463515
      2.120792               0.611334
P 0 3
      0.447802               0.238913
      0.170838               0.542295
      0.062362               0.345453
****
P
S 0 3
   1053.2658                 0.065865
    158.79044                0.384578
     34.424407               0.673963
S 0 3
     45.450377              -0.092655
      3.899926               0.626513
      1.488507               0.441039
S 0 3
      2.300841              -0.180549
      0.298959               0.680952
      0.108854               0.429142
P 0 3
     46.100019               0.105388
     10.165057               0.459712
      2.644794               0.613714
P 0 3
      0.632686               0.235885
      0.240219               0.554160
      0.086447               0.336530
****
S
S 0 3
   1201.4584                 0.065765
    181.39212                0.383948
     39.404795               0.674372
S 0 3
     52.13903               -0.094232
      4.528799               0.635468
      1.754938               0.431506
S 0 3
      2.840437               0.190042
      0.381433              -0.685527
      0.138786              -0.429272
P 0 3
     54.644071               0.103673
     12.122902               0.458190
      3.206504               0.613400
P 0 3
      0.863274               0.229436
      0.318130               0.552960
      0.108679               0.353700
****
Cl
S 0 3
   1362.0220                 0.065544
    205.81110                0.3829187
     44.772167               0.675210
S 0 3
     59.225732              -0.095620
      5.213902               0.641426
      2.047346               0.425153
S 0 3
      3.419712               0.196401
      0.470017              -0.692360
      0.169958              -0.426193
P 0 3
     64.099958               0.101789
     14.287139               0.456107
      3.828135               0.614282
P 0 3
      1.095126               0.235903
      0.396004               0.558066
      0.132176               0.346600
****
Ar
S 0 3
   1536.9325                 0.065159
    232.17765                0.381807
     50.521685               0.676446
S 0 3
     66.933949              -0.096740
      5.918552               0.652749
      2.339342               0.413573
S 0 3
      4.045307               0.200736
      0.565701              -0.696268
      0.204065              -0.424843
P 0 3
     74.352915               0.100079
     16.631346               0.454226
      4.503927               0.615259
P 0 3
      1.357091               0.237276
      0.488113               0.558360
      0.162126               0.346165
****
